Year	RIB_glob	RIB_N	RIB_S
1750	0.00000e+00	0.00000e+00	0.00000e+00
1751	8.51366e-04	7.85046e-04	9.17686e-04
1752	2.30818e-03	2.29001e-03	2.32635e-03
1753	3.12387e-03	3.00091e-03	3.24684e-03
1754	3.58800e-03	3.29088e-03	3.88512e-03
1755	4.62860e-03	4.48279e-03	4.77441e-03
1756	4.85394e-03	4.47951e-03	5.22836e-03
1757	5.82932e-03	5.62248e-03	6.03616e-03
1758	5.90001e-03	5.53027e-03	6.26975e-03
1759	5.67889e-03	5.15139e-03	6.20639e-03
1760	4.86757e-03	4.06270e-03	5.67243e-03
1761	5.48555e-03	4.73800e-03	6.23311e-03
1762	5.78190e-03	4.88809e-03	6.67572e-03
1763	6.71708e-03	5.81319e-03	7.62098e-03
1764	7.88037e-03	7.12147e-03	8.63927e-03
1765	8.38534e-03	7.47921e-03	9.29147e-03
1766	9.05163e-03	8.15438e-03	9.94887e-03
1767	9.80971e-03	8.92981e-03	1.06896e-02
1768	9.95376e-03	8.93669e-03	1.09708e-02
1769	9.88498e-03	8.68545e-03	1.10845e-02
1770	1.01501e-02	8.86913e-03	1.14312e-02
1771	1.13009e-02	1.03699e-02	1.22319e-02
1772	1.22662e-02	1.14026e-02	1.31298e-02
1773	1.25174e-02	1.15830e-02	1.34518e-02
1774	1.23377e-02	1.12494e-02	1.34259e-02
1775	1.30361e-02	1.21369e-02	1.39352e-02
1776	1.28994e-02	1.17526e-02	1.40463e-02
1777	1.39075e-02	1.29973e-02	1.48176e-02
1778	1.36409e-02	1.26077e-02	1.46741e-02
1779	1.34315e-02	1.22951e-02	1.45678e-02
1780	1.34238e-02	1.21725e-02	1.46752e-02
1781	1.38089e-02	1.25538e-02	1.50639e-02
1782	1.37925e-02	1.23732e-02	1.52117e-02
1783	1.38479e-02	1.23449e-02	1.53509e-02
1784	1.45173e-02	1.32077e-02	1.58268e-02
1785	1.41159e-02	1.24896e-02	1.57421e-02
1786	1.43131e-02	1.26583e-02	1.59679e-02
1787	1.43023e-02	1.25670e-02	1.60377e-02
1788	1.47813e-02	1.30413e-02	1.65212e-02
1789	1.47913e-02	1.28915e-02	1.66911e-02
1790	1.52103e-02	1.33035e-02	1.71170e-02
1791	1.51682e-02	1.30577e-02	1.72786e-02
1792	1.55880e-02	1.34553e-02	1.77207e-02
1793	1.55957e-02	1.33266e-02	1.78647e-02
1794	1.58440e-02	1.34499e-02	1.82381e-02
1795	1.65937e-02	1.43413e-02	1.88462e-02
1796	1.63872e-02	1.38288e-02	1.89456e-02
1797	1.73205e-02	1.49032e-02	1.97377e-02
1798	1.76650e-02	1.51021e-02	2.02279e-02
1799	1.77953e-02	1.50389e-02	2.05517e-02
1800	1.78326e-02	1.48324e-02	2.08328e-02
1801	1.88638e-02	1.60588e-02	2.16689e-02
1802	1.81760e-02	1.47372e-02	2.16147e-02
1803	1.94268e-02	1.62517e-02	2.26019e-02
1804	2.04513e-02	1.73879e-02	2.35146e-02
1805	2.07481e-02	1.74605e-02	2.40356e-02
1806	2.17304e-02	1.85514e-02	2.49094e-02
1807	2.22314e-02	1.89066e-02	2.55563e-02
1808	2.36749e-02	2.06021e-02	2.67478e-02
1809	2.41241e-02	2.09209e-02	2.73274e-02
1810	2.49518e-02	2.17218e-02	2.81817e-02
1811	2.56882e-02	2.23937e-02	2.89828e-02
1812	2.63375e-02	2.29765e-02	2.96985e-02
1813	2.70344e-02	2.36344e-02	3.04344e-02
1814	2.73296e-02	2.37901e-02	3.08690e-02
1815	2.82029e-02	2.47778e-02	3.16281e-02
1816	2.77255e-02	2.38063e-02	3.16446e-02
1817	2.89092e-02	2.51061e-02	3.27123e-02
1818	2.94923e-02	2.56093e-02	3.33753e-02
1819	2.98541e-02	2.58794e-02	3.38289e-02
1820	2.98334e-02	2.56264e-02	3.40404e-02
1821	3.06181e-02	2.64825e-02	3.47537e-02
1822	3.05772e-02	2.60737e-02	3.50807e-02
1823	3.08172e-02	2.61016e-02	3.55327e-02
1824	3.18881e-02	2.73236e-02	3.64526e-02
1825	3.15610e-02	2.65341e-02	3.65880e-02
1826	3.23489e-02	2.74138e-02	3.72841e-02
1827	3.21441e-02	2.68183e-02	3.74699e-02
1828	3.27729e-02	2.73673e-02	3.81785e-02
1829	3.29910e-02	2.73986e-02	3.85834e-02
1830	3.00167e-02	2.27165e-02	3.73168e-02
1831	3.14226e-02	2.44941e-02	3.83511e-02
1832	3.17020e-02	2.46082e-02	3.87958e-02
1833	3.13452e-02	2.38556e-02	3.88349e-02
1834	3.12977e-02	2.35292e-02	3.90662e-02
1835	3.15515e-02	2.36555e-02	3.94474e-02
1836	2.88326e-02	1.95524e-02	3.81129e-02
1837	2.94651e-02	2.03027e-02	3.86274e-02
1838	2.89999e-02	1.93222e-02	3.86775e-02
1839	2.84561e-02	1.82069e-02	3.87054e-02
1840	2.76236e-02	1.65617e-02	3.86856e-02
1841	2.82418e-02	1.69906e-02	3.94930e-02
1842	2.73995e-02	1.52195e-02	3.95795e-02
1843	2.85090e-02	1.59235e-02	4.10945e-02
1844	2.97224e-02	1.65218e-02	4.29229e-02
1845	2.91322e-02	1.46242e-02	4.36401e-02
1846	3.17619e-02	1.74521e-02	4.60717e-02
1847	3.11079e-02	1.57293e-02	4.64865e-02
1848	3.15212e-02	1.57589e-02	4.72835e-02
1849	3.08994e-02	1.42924e-02	4.75063e-02
1850	3.08958e-02	1.33386e-02	4.84530e-02
1851	3.20170e-02	1.40689e-02	4.99650e-02
1852	3.30915e-02	1.43487e-02	5.18343e-02
1853	3.45214e-02	1.49820e-02	5.40608e-02
1854	3.14592e-02	9.08268e-03	5.38356e-02
1855	3.44599e-02	1.20645e-02	5.68552e-02
1856	3.40989e-02	1.01242e-02	5.80736e-02
1857	3.71303e-02	1.30926e-02	6.11680e-02
1858	3.92835e-02	1.47704e-02	6.37966e-02
1859	3.88151e-02	1.25654e-02	6.50649e-02
1860	3.69668e-02	8.37197e-03	6.55616e-02
1861	3.88080e-02	9.42062e-03	6.81954e-02
1862	4.14181e-02	1.16876e-02	7.11486e-02
1863	4.12219e-02	9.74654e-03	7.26973e-02
1864	4.16178e-02	8.59687e-03	7.46388e-02
1865	4.18535e-02	7.23534e-03	7.64716e-02
1866	4.35780e-02	8.01778e-03	7.91383e-02
1867	4.24592e-02	4.57072e-03	8.03477e-02
1868	4.43845e-02	5.69937e-03	8.30696e-02
1869	4.19494e-02	6.19520e-04	8.32792e-02
1870	4.22369e-02	-3.14947e-04	8.47888e-02
1871	3.90516e-02	-6.26404e-03	8.43673e-02
1872	3.28078e-02	-1.69632e-02	8.25787e-02
1873	2.99673e-02	-2.27609e-02	8.26955e-02
1874	3.84536e-02	-1.22844e-02	8.91917e-02
1875	3.44132e-02	-2.01530e-02	8.89794e-02
1876	3.48190e-02	-2.12818e-02	9.09197e-02
1877	3.48667e-02	-2.30172e-02	9.27507e-02
1878	3.77999e-02	-2.06075e-02	9.62073e-02
1879	3.27761e-02	-2.99330e-02	9.54851e-02
1880	2.16349e-02	-4.83083e-02	9.15781e-02
1881	2.24670e-02	-4.93911e-02	9.43251e-02
1882	1.88829e-02	-5.69344e-02	9.47003e-02
1883	1.43604e-02	-6.59564e-02	9.46772e-02
1884	1.83726e-02	-6.26698e-02	9.94150e-02
1885	2.24269e-02	-5.94398e-02	1.04294e-01
1886	2.58461e-02	-5.69739e-02	1.08666e-01
1887	2.25373e-02	-6.43493e-02	1.09424e-01
1888	8.43405e-03	-8.74262e-02	1.04294e-01
1889	1.55325e-02	-7.96511e-02	1.10716e-01
1890	2.36342e-03	-1.01791e-01	1.06518e-01
1891	-1.93808e-03	-1.10895e-01	1.07019e-01
1892	8.24419e-04	-1.10163e-01	1.11811e-01
1893	1.04875e-02	-9.93720e-02	1.20347e-01
1894	7.80263e-03	-1.06503e-01	1.22108e-01
1895	-1.77507e-03	-1.23389e-01	1.19839e-01
1896	-5.74679e-03	-1.31716e-01	1.20223e-01
1897	-1.24609e-02	-1.44400e-01	1.19479e-01
1898	-2.17038e-02	-1.61274e-01	1.17866e-01
1899	-4.15637e-02	-1.94124e-01	1.10996e-01
1900	-4.88513e-02	-2.08874e-01	1.11172e-01
1901	-5.21918e-02	-2.18532e-01	1.14148e-01
1902	-5.18691e-02	-2.23303e-01	1.19565e-01
1903	-7.43056e-02	-2.61670e-01	1.13058e-01
1904	-6.46782e-02	-2.53596e-01	1.24240e-01
1905	-7.95510e-02	-2.81773e-01	1.22671e-01
1906	-8.72761e-02	-2.99562e-01	1.25010e-01
1907	-1.21685e-01	-3.57042e-01	1.13671e-01
1908	-7.56684e-02	-2.96720e-01	1.45383e-01
1909	-9.02966e-02	-3.25656e-01	1.45062e-01
1910	-9.95947e-02	-3.46105e-01	1.46916e-01
1911	-8.80225e-02	-3.35727e-01	1.59681e-01
1912	-1.02031e-01	-3.62511e-01	1.58450e-01
1913	-1.25083e-01	-4.02137e-01	1.51972e-01
1914	-5.35715e-02	-3.03371e-01	1.96227e-01
1915	-4.64824e-02	-2.98906e-01	2.05941e-01
1916	-9.03334e-02	-3.68724e-01	1.88057e-01
1917	-1.02962e-01	-3.92260e-01	1.86335e-01
1918	-7.88926e-02	-3.63139e-01	2.05354e-01
1919	3.50396e-02	-2.02483e-01	2.72562e-01
1920	-2.83997e-02	-3.00706e-01	2.43906e-01
1921	8.19204e-02	-1.42325e-01	3.06166e-01
1922	4.63170e-02	-1.97837e-01	2.90471e-01
1923	-4.48838e-02	-3.33314e-01	2.43547e-01
1924	-2.52417e-02	-3.06773e-01	2.56289e-01
1925	-2.30164e-02	-3.07237e-01	2.61204e-01
1926	-1.93109e-02	-3.05135e-01	2.66513e-01
1927	-5.61793e-02	-3.63079e-01	2.50720e-01
1928	-3.86370e-02	-3.42201e-01	2.64927e-01
1929	-7.26702e-02	-3.97930e-01	2.52590e-01
1930	4.30159e-03	-2.91023e-01	2.99626e-01
1931	9.52155e-02	-1.63343e-01	3.53774e-01
1932	1.71337e-01	-5.45676e-02	3.97242e-01
1933	1.28277e-01	-1.17878e-01	3.74432e-01
1934	6.81601e-02	-2.04935e-01	3.41255e-01
1935	2.37600e-02	-2.70186e-01	3.17706e-01
1936	-1.59335e-02	-3.30644e-01	2.98777e-01
1937	-6.04134e-02	-3.99644e-01	2.78818e-01
1938	1.73865e-02	-2.90764e-01	3.25537e-01
1939	-2.43881e-02	-3.58244e-01	3.09468e-01
1940	-8.96942e-02	-4.58304e-01	2.78916e-01
1941	-1.03026e-01	-4.83260e-01	2.77207e-01
1942	-1.01882e-01	-4.89062e-01	2.85298e-01
1943	-9.44207e-02	-4.86489e-01	2.97648e-01
1944	-5.47256e-02	-4.35746e-01	3.26295e-01
1945	7.11568e-02	-2.57612e-01	3.99925e-01
1946	8.11146e-02	-2.48479e-01	4.10709e-01
1947	-1.88787e-02	-3.98175e-01	3.60417e-01
1948	-4.00647e-02	-4.32640e-01	3.52510e-01
1949	1.18443e-02	-3.61725e-01	3.85413e-01
1950	-7.88121e-02	-5.00510e-01	3.42885e-01
1951	-1.02647e-01	-5.42206e-01	3.36912e-01
1952	-8.92836e-02	-5.31595e-01	3.53028e-01
1953	-8.28899e-02	-5.32977e-01	3.67197e-01
1954	-6.27010e-02	-5.14409e-01	3.89007e-01
1955	-1.41354e-01	-6.41096e-01	3.58388e-01
1956	-1.89972e-01	-7.24816e-01	3.44871e-01
1957	-2.06217e-01	-7.62985e-01	3.50551e-01
1958	-1.84622e-01	-7.46263e-01	3.77019e-01
1959	-2.18985e-01	-8.11501e-01	3.73531e-01
1960	-2.37641e-01	-8.53183e-01	3.77902e-01
1961	-3.99804e-01	-1.10530e+00	3.05693e-01
1962	-3.73188e-01	-1.08466e+00	3.38281e-01
1963	-3.60647e-01	-1.08954e+00	3.68245e-01
1964	-3.78193e-01	-1.13772e+00	3.81333e-01
1965	-3.62941e-01	-1.13738e+00	4.11503e-01
1966	-3.51793e-01	-1.14292e+00	4.39338e-01
1967	-2.71501e-01	-1.04761e+00	5.04611e-01
1968	-2.97141e-01	-1.10788e+00	5.13594e-01
1969	-2.98906e-01	-1.13203e+00	5.34219e-01
1970	-3.43447e-01	-1.22058e+00	5.33684e-01
1971	-2.80332e-01	-1.15145e+00	5.90782e-01
1972	-2.78694e-01	-1.17299e+00	6.15601e-01
1973	-3.30028e-01	-1.27024e+00	6.10187e-01
1974	-2.37797e-01	-1.15683e+00	6.81232e-01
1975	-1.48039e-01	-1.04761e+00	7.51536e-01
1976	-2.08286e-01	-1.15671e+00	7.40138e-01
1977	-1.74050e-01	-1.12594e+00	7.77840e-01
1978	-1.25920e-01	-1.07562e+00	8.23778e-01
1979	-1.19415e-01	-1.08533e+00	8.46500e-01
1980	-6.92396e-02	-1.02943e+00	8.90952e-01
1981	3.98979e-02	-8.86117e-01	9.65912e-01
1982	1.12692e-01	-7.94006e-01	1.01939e+00
1983	1.56084e-01	-7.42325e-01	1.05449e+00
1984	1.53633e-01	-7.56359e-01	1.06363e+00
1985	1.74550e-01	-7.35986e-01	1.08509e+00
1986	2.03217e-01	-7.05495e-01	1.11193e+00
1987	1.91708e-01	-7.34180e-01	1.11760e+00
1988	2.04201e-01	-7.25639e-01	1.13404e+00
1989	2.26796e-01	-7.02292e-01	1.15588e+00
1990	2.56535e-01	-6.66798e-01	1.17987e+00
1991	3.15233e-01	-5.88317e-01	1.21878e+00
1992	3.82281e-01	-4.94956e-01	1.25952e+00
1993	4.24101e-01	-4.35783e-01	1.28398e+00
1994	4.85444e-01	-3.48241e-01	1.31913e+00
1995	5.18255e-01	-3.01035e-01	1.33755e+00
1996	5.45475e-01	-2.60687e-01	1.35164e+00
1997	5.63309e-01	-2.36613e-01	1.36323e+00
1998	5.96366e-01	-1.87587e-01	1.38032e+00
1999	6.86111e-01	-5.47997e-02	1.42702e+00
2000	6.61135e-01	-8.84539e-02	1.41072e+00
2001	6.35013e-01	-1.21092e-01	1.39112e+00
2002	6.54299e-01	-8.97378e-02	1.39833e+00
2003	5.81498e-01	-1.94700e-01	1.35770e+00
2004	5.01773e-01	-3.11003e-01	1.31455e+00
2005	4.42652e-01	-3.99725e-01	1.28503e+00
2006	4.59602e-01	-3.80618e-01	1.29982e+00
2007	5.04778e-01	-3.22921e-01	1.33248e+00
2008	5.71597e-01	-2.33187e-01	1.37638e+00
2009	6.65642e-01	-1.00558e-01	1.43184e+00
2010	6.92844e-01	-6.59541e-02	1.45164e+00
2011	6.77516e-01	-9.20041e-02	1.44704e+00
2012	7.18296e-01	-3.46206e-02	1.47121e+00
2013	7.35971e-01	-1.23400e-02	1.48428e+00
2014	7.57847e-01	1.57417e-02	1.49995e+00
2015	1.01036e+00	3.81745e-01	1.63898e+00
2016	1.05766e+00	4.49684e-01	1.66564e+00
2017	1.11343e+00	5.32914e-01	1.69395e+00
2018	1.16397e+00	6.11875e-01	1.71606e+00
2019	1.21257e+00	6.89159e-01	1.73598e+00
2020	1.25972e+00	7.65176e-01	1.75426e+00
2021	1.23268e+00	7.33630e-01	1.73173e+00
2022	1.21256e+00	7.12692e-01	1.71243e+00
2023	1.19655e+00	6.96718e-01	1.69638e+00
2024	1.18334e+00	6.83730e-01	1.68295e+00
2025	1.17221e+00	6.72839e-01	1.67159e+00
2026	1.16274e+00	6.63560e-01	1.66192e+00
2027	1.15461e+00	6.55585e-01	1.65364e+00
2028	1.14762e+00	6.48696e-01	1.64655e+00
2029	1.14160e+00	6.42742e-01	1.64046e+00
2030	1.13642e+00	6.37592e-01	1.63526e+00
2031	1.15204e+00	6.62636e-01	1.64144e+00
2032	1.16547e+00	6.84438e-01	1.64650e+00
2033	1.17737e+00	7.04443e-01	1.65030e+00
2034	1.18816e+00	7.23258e-01	1.65306e+00
2035	1.19808e+00	7.41178e-01	1.65498e+00
2036	1.20729e+00	7.58391e-01	1.65619e+00
2037	1.21592e+00	7.75008e-01	1.65682e+00
2038	1.22404e+00	7.91122e-01	1.65695e+00
2039	1.23173e+00	8.06800e-01	1.65665e+00
2040	1.23904e+00	8.22101e-01	1.65598e+00
2041	1.24760e+00	8.39387e-01	1.65580e+00
2042	1.25553e+00	8.55977e-01	1.65509e+00
2043	1.26287e+00	8.71941e-01	1.65380e+00
2044	1.26970e+00	8.87393e-01	1.65201e+00
2045	1.27609e+00	9.02404e-01	1.64978e+00
2046	1.28209e+00	9.17031e-01	1.64715e+00
2047	1.28775e+00	9.31318e-01	1.64419e+00
2048	1.29311e+00	9.45308e-01	1.64092e+00
2049	1.29820e+00	9.59033e-01	1.63737e+00
2050	1.30305e+00	9.72523e-01	1.63359e+00
2051	1.29670e+00	9.69835e-01	1.62357e+00
2052	1.29124e+00	9.68589e-01	1.61390e+00
2053	1.28624e+00	9.67926e-01	1.60454e+00
2054	1.28152e+00	9.67586e-01	1.59545e+00
2055	1.27699e+00	9.67451e-01	1.58654e+00
2056	1.27262e+00	9.67462e-01	1.57777e+00
2057	1.26835e+00	9.67587e-01	1.56911e+00
2058	1.26417e+00	9.67798e-01	1.56054e+00
2059	1.26007e+00	9.68089e-01	1.55204e+00
2060	1.25602e+00	9.68445e-01	1.54360e+00
2061	1.24550e+00	9.59408e-01	1.53158e+00
2062	1.23568e+00	9.51411e-01	1.51995e+00
2063	1.22645e+00	9.44083e-01	1.50881e+00
2064	1.21763e+00	9.37201e-01	1.49806e+00
2065	1.20915e+00	9.30675e-01	1.48763e+00
2066	1.20095e+00	9.24429e-01	1.47747e+00
2067	1.19297e+00	9.18422e-01	1.46753e+00
2068	1.18519e+00	9.12614e-01	1.45777e+00
2069	1.17758e+00	9.06988e-01	1.44817e+00
2070	1.17010e+00	9.01505e-01	1.43870e+00
2071	1.16175e+00	8.94886e-01	1.42862e+00
2072	1.15319e+00	8.88106e-01	1.41828e+00
2073	1.14439e+00	8.81109e-01	1.40766e+00
2074	1.13536e+00	8.73914e-01	1.39680e+00
2075	1.12613e+00	8.66532e-01	1.38572e+00
2076	1.11669e+00	8.58968e-01	1.37442e+00
2077	1.10708e+00	8.51245e-01	1.36292e+00
2078	1.09730e+00	8.43367e-01	1.35123e+00
2079	1.08735e+00	8.35346e-01	1.33936e+00
2080	1.07725e+00	8.27183e-01	1.32731e+00
2081	1.07037e+00	8.23939e-01	1.31680e+00
2082	1.06280e+00	8.19856e-01	1.30575e+00
2083	1.05482e+00	8.15345e-01	1.29429e+00
2084	1.04646e+00	8.10492e-01	1.28243e+00
2085	1.03778e+00	8.05347e-01	1.27022e+00
2086	1.02881e+00	7.99937e-01	1.25768e+00
2087	1.01956e+00	7.94286e-01	1.24484e+00
2088	1.01004e+00	7.88391e-01	1.23169e+00
2089	1.00027e+00	7.82280e-01	1.21827e+00
2090	9.90253e-01	7.75944e-01	1.20456e+00
2091	9.75687e-01	7.62892e-01	1.18848e+00
2092	9.61803e-01	7.50772e-01	1.17284e+00
2093	9.48362e-01	7.39159e-01	1.15756e+00
2094	9.35252e-01	7.27902e-01	1.14260e+00
2095	9.22388e-01	7.16901e-01	1.12788e+00
2096	9.09726e-01	7.06110e-01	1.11334e+00
2097	8.97223e-01	6.95485e-01	1.09896e+00
2098	8.84855e-01	6.85004e-01	1.08471e+00
2099	8.72590e-01	6.74633e-01	1.07055e+00
2100	8.60405e-01	6.64351e-01	1.05646e+00
